enhancer	log2_FC	p	diff_fdr
chr11:45255111-45255224	-1.634057318	3.23E-34	1.76E-30
chr16:79635433-79635866	-2.224685928	2.35E-32	6.40E-29
chr11:118663387-118663780	-1.408848134	1.46E-31	2.65E-28
chr21:17906909-17907886	-2.552234538	1.88E-28	2.56E-25
chr7:31033316-31033696	-3.628530523	4.35E-28	4.73E-25
chr21:28343155-28343488	-3.104654396	1.93E-27	1.75E-24
chr6:117069916-117070184	-2.410140401	9.52E-27	7.40E-24
chr21:28288547-28289033	-2.889485293	2.30E-26	1.56E-23
chr22:46004834-46005031	-2.599097233	6.62E-26	4.00E-23
chr4:166422422-166422684	-2.442608532	2.29E-25	1.25E-22
chr16:83960761-83960901	-2.010097257	1.73E-24	8.58E-22
chr4:99984592-99984944	-1.578124163	6.36E-24	2.88E-21
chr8:30237954-30238310	-2.435320266	8.65E-23	3.62E-20
chr11:114127214-114127717	-3.754031165	2.23E-22	8.67E-20
chr16:83953538-83953937	-1.656220209	5.20E-22	1.89E-19
chr10:3991165-3991394	-2.67535113	9.16E-22	3.11E-19
chr8:91064955-91065319	-1.121812183	8.78E-20	2.81E-17
chr4:190197516-190197817	-1.073927232	1.06E-19	3.17E-17
chr4:144401789-144402147	-1.117948385	1.11E-19	3.17E-17
chr4:110464231-110464470	-1.15410245	4.43E-19	1.21E-16
chr21:29476694-29476903	-3.875829794	5.23E-19	1.36E-16
chr6:169827902-169828288	-1.345880988	8.76E-19	2.17E-16
chr17:7737438-7738736	-1.459279116	2.04E-18	4.83E-16
chr10:3975714-3975890	-3.971356272	2.13E-18	4.83E-16
chr17:4839784-4839936	-1.157875696	2.32E-18	5.06E-16
chr3:197301708-197302062	-1.40208544	7.44E-18	1.56E-15
chr7:17029591-17029925	-2.011008194	8.37E-18	1.69E-15
chr15:95790334-95790617	-2.019010641	1.53E-17	2.97E-15
chr18:12306995-12307375	-1.361065635	3.14E-17	5.88E-15
chr7:116202174-116202561	-3.860040256	3.33E-17	6.03E-15
chr11:2907965-2908172	-1.980377161	3.79E-17	6.66E-15
chr10:7583205-7583490	-4.023320866	4.18E-17	7.10E-15
chr22:28372624-28372939	-1.06863099	5.06E-17	8.34E-15
chr2:235372630-235373257	-3.917787572	6.72E-17	1.08E-14
chr20:62170184-62170345	2.293663052	8.52E-17	1.32E-14
chr20:51585434-51585541	-4.036041743	1.09E-16	1.65E-14
chr8:38757431-38758061	-1.005592321	1.23E-16	1.80E-14
chr3:188658561-188658620	-1.392435538	2.32E-16	3.32E-14
chr6:138019778-138020625	2.102237984	2.74E-16	3.82E-14
chr4:184686793-184687036	-2.204745735	5.34E-16	7.15E-14
chr6:169573934-169574190	3.387436169	5.39E-16	7.15E-14
chr20:30624710-30624829	-1.9021418	7.09E-16	9.19E-14
chr5:44440190-44440314	-3.111175607	7.66E-16	9.69E-14
chr3:134069780-134070244	-2.105938859	1.07E-15	1.32E-13
chr11:125992920-125993185	-4.41182997	1.35E-15	1.64E-13
chr16:87359959-87360279	-1.552525125	1.43E-15	1.69E-13
chr12:6526261-6526580	-1.43271622	1.53E-15	1.78E-13
chr5:56784239-56784594	-2.826332836	1.81E-15	2.05E-13
chr2:239754500-239754642	-1.39453009	2.54E-15	2.82E-13
chr9:120481913-120482131	-1.408947633	3.19E-15	3.47E-13
chr8:27449540-27450013	-1.541269963	4.99E-15	5.32E-13
chr21:47394030-47394545	-2.096881377	5.33E-15	5.58E-13
chr10:3983198-3983475	-3.874829811	5.74E-15	5.85E-13
chr8:12615021-12615285	-2.172093105	5.81E-15	5.85E-13
chr20:30622441-30622925	-1.756903286	6.01E-15	5.95E-13
chr4:174435467-174435730	-2.754732479	6.79E-15	6.59E-13
chr20:5042007-5042186	-1.158749544	7.72E-15	7.31E-13
chr14:104018443-104019067	-1.855560375	7.79E-15	7.31E-13
chr9:120482943-120483330	-1.534495207	8.04E-15	7.41E-13
chr1:10447707-10448369	-1.084366396	9.40E-15	8.53E-13
chr4:187948547-187948771	-3.883627207	1.20E-14	1.07E-12
chr3:134068231-134068586	-1.79813954	1.68E-14	1.47E-12
chr15:93580534-93580838	-2.04796098	2.14E-14	1.85E-12
chr11:35443384-35443774	-3.843274724	2.90E-14	2.42E-12
chr20:1782055-1782441	-2.242090562	3.03E-14	2.50E-12
chr17:16374519-16374788	-1.18799987	4.27E-14	3.41E-12
chr16:53077641-53077824	-2.498471112	4.56E-14	3.60E-12
chr18:11947272-11947721	-2.185242653	4.79E-14	3.72E-12
chr11:10935638-10935889	-1.369323437	5.97E-14	4.58E-12
chr7:27143635-27143783	-1.657368689	6.69E-14	5.05E-12
chr5:172193800-172194232	-2.723808236	9.82E-14	7.25E-12
chr10:3984866-3985563	-2.680542871	9.85E-14	7.25E-12
chr16:66536058-66536398	-1.809441343	1.08E-13	7.86E-12
chr15:95830783-95831278	-1.951122768	1.15E-13	8.21E-12
chr20:1785698-1786068	-2.472032012	1.45E-13	1.03E-11
chr6:169572627-169572772	1.943555675	1.80E-13	1.26E-11
chr7:151622915-151623433	-2.726087354	1.98E-13	1.36E-11
chr14:38721175-38721449	-1.130996261	2.31E-13	1.57E-11
chr2:241366341-241366661	-2.733931872	2.52E-13	1.69E-11
chr20:1869680-1870159	-2.081429459	2.54E-13	1.69E-11
chr1:234738546-234738834	-1.630631662	3.04E-13	1.99E-11
chr17:16375722-16375971	-1.078109961	3.27E-13	2.12E-11
chr19:867005-867400	-2.312718868	4.15E-13	2.66E-11
chr12:6454526-6454970	-1.102827119	4.20E-13	2.66E-11
chr18:74277239-74277430	-2.563477152	4.35E-13	2.72E-11
chr11:12561282-12561501	-1.759724677	5.10E-13	3.16E-11
chr12:6455086-6455266	-1.302601035	5.64E-13	3.45E-11
chr20:1757222-1757297	-1.979645975	6.60E-13	3.99E-11
chr9:102021755-102022139	-2.451989209	7.77E-13	4.64E-11
chr10:43249248-43249682	-1.295422986	9.74E-13	5.70E-11
chr20:30623316-30623619	-2.020929751	1.34E-12	7.76E-11
chr11:126001132-126001515	-4.829573705	1.48E-12	8.47E-11
chr19:863983-864016	-2.326487086	1.65E-12	9.36E-11
chr7:151591335-151591652	-3.169758695	1.69E-12	9.48E-11
chr22:39513543-39514109	-1.952170759	1.89E-12	1.05E-10
chr8:2530387-2530737	-2.617061896	1.94E-12	1.07E-10
chr6:113748852-113749029	-2.493434474	2.67E-12	1.46E-10
chr4:40165955-40166245	-1.220448117	3.21E-12	1.73E-10
chr6:112428707-112428734	-1.224757202	4.69E-12	2.50E-10
chr14:95984814-95985165	-3.032561623	5.34E-12	2.82E-10
chr20:30621646-30621751	-1.71478798	7.23E-12	3.78E-10
chr10:129893841-129894010	3.07796523	7.31E-12	3.79E-10
chr20:30628092-30628575	-2.181794537	1.21E-11	6.20E-10
chr16:49893175-49893278	-2.918850353	1.37E-11	6.97E-10
chr17:8095551-8095762	-1.103111937	1.44E-11	7.28E-10
chr11:10938352-10938640	-1.894194918	1.88E-11	9.39E-10
chr10:21581688-21582509	-1.821303827	2.02E-11	1.00E-09
chr18:12048672-12049055	4.506039365	2.06E-11	1.01E-09
chr22:50364350-50364715	-1.72043793	2.16E-11	1.05E-09
chr8:6726672-6726933	-2.40639604	2.87E-11	1.38E-09
chr11:122940079-122940521	-1.707373557	2.92E-11	1.39E-09
chr21:45916945-45917393	-2.247376345	2.99E-11	1.42E-09
chr7:152338571-152338711	1.621509653	3.43E-11	1.61E-09
chr16:2557760-2557909	-1.333687479	3.63E-11	1.69E-09
chr5:158528865-158528877	-3.392621675	4.06E-11	1.86E-09
chr9:138808024-138808108	1.374622192	4.35E-11	1.97E-09
chr17:17397062-17397447	-1.291548094	4.38E-11	1.97E-09
chr14:31905446-31905450	-1.417390506	5.64E-11	2.52E-09
chr9:132539303-132540203	-1.407377001	6.11E-11	2.70E-09
chr7:2575019-2575461	-1.027943168	6.77E-11	2.97E-09
chr8:27559719-27559880	-1.859992758	7.35E-11	3.20E-09
chr22:46008367-46008678	-2.158487303	7.51E-11	3.24E-09
chr20:1842464-1842590	-2.497729077	7.84E-11	3.36E-09
chr1:236230188-236230739	-1.765697903	8.26E-11	3.51E-09
chr8:96194640-96194860	1.601347965	8.81E-11	3.72E-09
chr11:45000515-45000921	2.523042422	9.30E-11	3.89E-09
chr11:1751706-1752102	-2.902644257	1.16E-10	4.77E-09
chr6:116767554-116767785	-2.01785139	1.19E-10	4.87E-09
chr19:675402-675838	-1.983808207	1.21E-10	4.92E-09
chr8:144112654-144112974	-1.334794074	1.28E-10	5.16E-09
chr11:125997963-125998111	-3.750179238	1.43E-10	5.72E-09
chr1:16489021-16489207	-1.691164515	1.96E-10	7.71E-09
chr8:12615395-12615750	-2.14514944	2.13E-10	8.34E-09
chr10:5528772-5529321	2.57842737	2.15E-10	8.36E-09
chr5:180633694-180634117	-1.222897027	2.18E-10	8.41E-09
chr22:32614060-32614086	-1.514834344	2.26E-10	8.66E-09
chr20:1786412-1786943	-2.243498345	2.58E-10	9.83E-09
chr20:1744868-1745008	-3.318482175	2.62E-10	9.92E-09
chr12:52916140-52916794	-1.682034211	2.77E-10	1.04E-08
chr7:115849891-115849987	-1.49278378	2.92E-10	1.08E-08
chr16:66398320-66398884	-1.33214881	2.92E-10	1.08E-08
chr11:6344620-6344857	-1.763342794	3.11E-10	1.14E-08
chr5:1313264-1313453	2.525006501	3.82E-10	1.40E-08
chr20:1747670-1747986	-3.147414142	3.89E-10	1.41E-08
chr22:38614588-38614867	-2.405299394	4.44E-10	1.60E-08
chr20:1852496-1852815	-2.862102474	4.70E-10	1.68E-08
chr11:7913705-7913868	-3.300950632	4.72E-10	1.68E-08
chr6:163775171-163775345	-3.038247622	5.19E-10	1.83E-08
chr10:135072735-135073128	1.508812091	5.73E-10	2.01E-08
chr16:3058105-3058264	1.499169276	6.05E-10	2.11E-08
chr3:149229459-149229794	-3.293871612	7.28E-10	2.52E-08
chr3:145894951-145895144	-2.23639766	7.90E-10	2.72E-08
chr4:89377235-89377564	-1.349906774	8.10E-10	2.77E-08
chr5:173208911-173209406	-3.055756807	8.95E-10	3.04E-08
chr8:144843026-144843252	1.98656139	1.06E-09	3.58E-08
chr4:124621616-124621886	-2.439320411	1.13E-09	3.78E-08
chr4:184718887-184719489	-1.6950318	1.13E-09	3.78E-08
chr10:8089680-8090146	1.749487759	1.23E-09	4.09E-08
chr7:128093966-128094206	-4.122984716	1.32E-09	4.34E-08
chr10:6183239-6183522	-4.388554024	1.34E-09	4.37E-08
chr16:68765918-68766309	-1.73825296	1.49E-09	4.82E-08
chr21:47394721-47394936	-2.000539791	1.50E-09	4.82E-08
chr15:96739448-96739540	-2.491763438	1.54E-09	4.92E-08
chr20:1851849-1852180	-2.672462128	1.64E-09	5.21E-08
chr21:45604332-45605113	-1.138116811	2.04E-09	6.46E-08
chr11:122936469-122936659	-1.395811518	2.09E-09	6.58E-08
chr16:14424623-14424858	-1.027944074	2.16E-09	6.74E-08
chr18:13137958-13138425	-1.277868542	2.37E-09	7.38E-08
chr8:6721983-6722491	-2.817071074	2.44E-09	7.54E-08
chr5:54896440-54896979	-2.719816535	2.55E-09	7.80E-08
chr4:86927841-86928538	-1.159454837	2.68E-09	8.13E-08
chr16:11633611-11633797	-1.574142859	2.69E-09	8.13E-08
chr18:20046739-20046926	-2.889513192	3.00E-09	8.98E-08
chr21:28218728-28219247	-1.443335498	3.17E-09	9.37E-08
chr7:128094514-128094949	-2.982237859	3.75E-09	1.10E-07
chr6:158136804-158137189	-3.257187476	4.31E-09	1.25E-07
chr5:964244-964536	2.133974109	4.48E-09	1.30E-07
chr9:120523356-120523735	-1.51332862	4.58E-09	1.32E-07
chrX:2816950-2817136	-2.334551241	4.62E-09	1.32E-07
chr10:3987998-3988450	-1.789544154	4.66E-09	1.32E-07
chr10:8903701-8904023	3.554313659	4.66E-09	1.32E-07
chr5:180253184-180253441	-1.232790599	4.85E-09	1.37E-07
chr8:97350195-97350563	-1.266335346	4.96E-09	1.39E-07
chr7:95179507-95179842	-2.965646279	5.31E-09	1.47E-07
chr20:1757792-1758093	-2.000558131	5.36E-09	1.48E-07
chr6:140299062-140299512	-1.786450324	5.86E-09	1.60E-07
chr11:364521-364678	-2.240623446	6.01E-09	1.64E-07
chr7:5650367-5650762	-1.312364332	6.07E-09	1.64E-07
chr7:95238124-95238400	-2.560252503	6.53E-09	1.76E-07
chr16:14423320-14423633	-1.014675461	6.58E-09	1.76E-07
chr20:37280609-37280856	-1.786430892	6.75E-09	1.80E-07
chr9:114585349-114585680	-1.187429943	6.89E-09	1.83E-07
chr10:4283808-4284356	-1.209275637	7.06E-09	1.85E-07
chr6:7701709-7702095	-2.175047615	7.36E-09	1.93E-07
chr3:187464496-187464942	-1.389495809	7.65E-09	1.99E-07
chr8:6725876-6726138	-2.406658501	7.97E-09	2.07E-07
chr17:7035868-7036444	-2.599018887	8.01E-09	2.07E-07
chr7:55063666-55063958	-2.685824272	8.32E-09	2.14E-07
chr1:24477754-24478041	-1.256228063	8.74E-09	2.23E-07
chr20:61192605-61193059	2.088731979	8.81E-09	2.24E-07
chr20:62182537-62182817	1.822363255	9.04E-09	2.29E-07
chr10:6183553-6183785	-2.672107436	9.51E-09	2.40E-07
chr20:39312030-39312408	-1.918054694	9.89E-09	2.48E-07
chrX:124339178-124339332	-2.698401317	1.08E-08	2.69E-07
chr4:80814219-80814317	-1.953490763	1.16E-08	2.87E-07
chr3:145883195-145883481	-1.527917027	1.19E-08	2.93E-07
chr21:47512247-47512670	-1.095181669	1.23E-08	3.01E-07
chr1:12589452-12589763	-1.949336332	1.26E-08	3.09E-07
chr10:3511181-3511689	-2.406582458	1.44E-08	3.50E-07
chr10:43249715-43249807	-1.588004319	1.47E-08	3.54E-07
chr8:119917519-119917835	1.49461504	1.65E-08	3.98E-07
chr7:120938122-120938485	-1.515059231	1.74E-08	4.15E-07
chr10:30235740-30236524	-3.244821973	1.81E-08	4.30E-07
chr15:100914283-100914527	-2.051881009	1.90E-08	4.50E-07
chr6:112356617-112357007	-3.32659052	2.07E-08	4.86E-07
chr3:195896732-195897063	-1.145746908	2.09E-08	4.89E-07
chr12:52915277-52915747	-1.824497783	2.11E-08	4.91E-07
chr4:88461613-88461921	4.444682613	2.13E-08	4.91E-07
chr7:129421490-129421976	1.747849974	2.13E-08	4.91E-07
chr10:17254796-17255338	-1.063676822	2.56E-08	5.83E-07
chr5:6775804-6775859	1.767060158	2.57E-08	5.83E-07
chr10:6163143-6163430	-2.738878727	2.58E-08	5.83E-07
chr1:2140151-2140337	-1.308569964	2.58E-08	5.83E-07
chr20:56291330-56291601	2.135011326	2.63E-08	5.90E-07
chr11:129244480-129244782	-1.7507078	2.80E-08	6.26E-07
chr6:151178746-151179109	-1.352892726	2.87E-08	6.40E-07
chr11:14916687-14916856	-3.584557301	2.99E-08	6.61E-07
chr7:129420694-129421120	1.637984649	2.99E-08	6.61E-07
chr10:6171883-6172155	-3.097208077	3.18E-08	7.01E-07
chr7:64072607-64072919	3.071549145	3.32E-08	7.28E-07
chr3:141174545-141175038	1.55692964	3.59E-08	7.79E-07
chr10:6170843-6171197	-3.60175496	3.90E-08	8.42E-07
chr11:33713598-33714029	-1.310791815	3.99E-08	8.58E-07
chr4:185769532-185770063	-2.362348856	4.12E-08	8.82E-07
chr1:14154959-14155163	2.772687804	4.46E-08	9.52E-07
chr4:189329642-189330099	-2.11388063	5.34E-08	1.13E-06
chr10:3985648-3985956	-3.769305045	5.59E-08	1.17E-06
chr12:52241099-52241559	-2.935071262	5.64E-08	1.18E-06
chr21:48003626-48004009	-1.17793668	5.76E-08	1.20E-06
chr1:233811305-233811449	1.75802483	5.80E-08	1.20E-06
chr4:88480312-88480555	4.343344986	5.92E-08	1.22E-06
chr20:23140057-23140426	-2.327711236	5.96E-08	1.22E-06
chr4:190708353-190708364	-3.967473059	6.04E-08	1.24E-06
chr16:79692252-79692530	-1.910442752	6.19E-08	1.26E-06
chr6:170492436-170492647	-1.742519321	6.21E-08	1.26E-06
chr12:42984702-42985091	2.258640809	6.36E-08	1.28E-06
chr20:5046140-5046913	-1.012105706	6.41E-08	1.29E-06
chr1:236231203-236231484	-1.604978377	6.63E-08	1.33E-06
chr22:48035641-48035928	3.129690695	6.87E-08	1.37E-06
chr18:2916275-2916499	-1.044258642	7.42E-08	1.47E-06
chr4:88480669-88480961	2.786176737	7.72E-08	1.52E-06
chr6:170208297-170208700	-1.0033741	7.74E-08	1.52E-06
chr3:134100770-134101008	-3.195465321	8.03E-08	1.57E-06
chr10:5596279-5596669	2.774621453	8.58E-08	1.67E-06
chr2:235360536-235360912	-2.746721051	9.05E-08	1.75E-06
chr20:25227226-25227454	-1.271255634	9.18E-08	1.77E-06
chr5:1315765-1316275	1.93037962	9.37E-08	1.80E-06
chr11:2286743-2287171	3.312374957	9.97E-08	1.91E-06
chr10:6182474-6182743	-3.80220688	1.00E-07	1.91E-06
chr18:56494810-56495111	4.852438815	1.01E-07	1.92E-06
chr16:2910811-2910988	1.554777834	1.04E-07	1.97E-06
chr22:18551113-18551402	-2.492821529	1.04E-07	1.97E-06
chr22:42839941-42840323	1.803370578	1.05E-07	1.98E-06
chr20:1839579-1839847	-1.945494722	1.06E-07	1.99E-06
chr14:23083172-23083436	-1.185157369	1.08E-07	2.01E-06
chr7:135459124-135459310	2.473812287	1.08E-07	2.01E-06
chr21:46786853-46787266	1.174340029	1.23E-07	2.28E-06
chr2:232505425-232505799	-2.640408354	1.26E-07	2.34E-06
chr16:1349375-1349723	1.935422641	1.27E-07	2.34E-06
chr11:33711808-33712191	-1.174558803	1.28E-07	2.35E-06
chr11:113929515-113929738	-2.698041193	1.33E-07	2.43E-06
chr16:53075249-53075847	-2.05686316	1.35E-07	2.47E-06
chr5:172192263-172193766	-1.343108562	1.38E-07	2.52E-06
chrX:73246732-73246982	-1.067863746	1.56E-07	2.81E-06
chr11:122177708-122178168	-2.385744424	1.57E-07	2.82E-06
chr4:88463051-88463413	3.987504557	1.79E-07	3.21E-06
chr15:93794547-93794631	-2.93821597	1.93E-07	3.44E-06
chr22:30669806-30670065	-1.052561922	1.96E-07	3.49E-06
chr5:172234136-172234644	-2.447916173	2.05E-07	3.63E-06
chr2:235354817-235355457	-1.413181909	2.13E-07	3.76E-06
chr8:16476986-16477261	2.658633867	2.16E-07	3.80E-06
chr8:144107532-144108153	-1.13190041	2.28E-07	4.01E-06
chr9:112937115-112937268	-2.228867894	2.41E-07	4.21E-06
chr9:139538309-139538610	-1.03131988	2.46E-07	4.28E-06
chr14:95992355-95992583	-1.600106866	2.59E-07	4.48E-06
chr22:30671576-30671914	-1.041118185	2.61E-07	4.52E-06
chr1:27185457-27185720	-1.756933727	2.69E-07	4.63E-06
chr12:27006268-27006662	-1.839483546	2.91E-07	4.96E-06
chr1:16511251-16511623	-1.378878987	2.91E-07	4.96E-06
chr10:5588881-5589169	3.698271602	2.97E-07	5.04E-06
chr9:132241150-132241608	1.918598006	3.03E-07	5.13E-06
chr6:126068034-126068254	-1.421951343	3.05E-07	5.14E-06
chr7:45243795-45243955	-1.124824948	3.64E-07	6.09E-06
chr10:35932153-35932694	-1.748520778	3.65E-07	6.09E-06
chr10:5590010-5590295	2.305444974	3.77E-07	6.27E-06
chr7:135443440-135443607	-2.164117249	3.79E-07	6.29E-06
chr1:227976197-227976490	-1.514324788	3.96E-07	6.55E-06
chr6:104975114-104975455	-2.949887746	4.07E-07	6.69E-06
chr16:88299166-88299470	2.026686368	4.11E-07	6.73E-06
chr17:4811647-4812042	-1.340979161	4.38E-07	7.11E-06
chr6:134669516-134669878	-1.8980709	4.40E-07	7.11E-06
chr16:66164410-66164809	4.943904051	4.41E-07	7.11E-06
chr11:9636768-9636900	-1.336268683	4.80E-07	7.72E-06
chr20:61200879-61201219	2.427705227	4.89E-07	7.85E-06
chr21:28795435-28795716	-1.94069906	5.03E-07	8.06E-06
chr7:22894313-22894860	-1.149201237	5.30E-07	8.45E-06
chr12:46902978-46903383	5.030960593	5.51E-07	8.74E-06
chr8:2774023-2774367	-2.085380617	5.65E-07	8.93E-06
chr4:37244545-37244895	-3.533993138	6.11E-07	9.63E-06
chr7:119028-119765	-1.66572556	6.33E-07	9.96E-06
chr10:3850308-3850795	3.085979193	6.99E-07	1.10E-05
chr1:27184739-27184972	-1.822884181	7.13E-07	1.11E-05
chr10:35258130-35258295	-4.040287565	8.01E-07	1.25E-05
chr10:9013579-9013972	5.572904126	8.23E-07	1.28E-05
chr22:42332206-42332544	1.385406336	8.32E-07	1.29E-05
chr8:144300737-144301128	-2.857203633	8.33E-07	1.29E-05
chr9:120487715-120488143	-1.443359826	8.68E-07	1.34E-05
chr4:100325584-100326020	-2.909202034	8.93E-07	1.37E-05
chr2:237640726-237641053	-1.834162482	8.94E-07	1.37E-05
chr15:99090927-99091248	-1.200458837	8.99E-07	1.37E-05
chrX:124340013-124340052	-1.567028832	9.08E-07	1.38E-05
chr6:125637722-125638122	-2.346630657	9.22E-07	1.39E-05
chr7:86948267-86948659	1.946704808	9.81E-07	1.48E-05
chr11:1894620-1894889	-2.027159502	9.91E-07	1.49E-05
chr1:229357329-229357959	-2.028951551	1.06E-06	1.58E-05
chr5:172221140-172221536	-2.129657855	1.07E-06	1.59E-05
chr18:10141033-10141178	-3.26177004	1.14E-06	1.70E-05
chr6:159488301-159488791	-1.790593536	1.15E-06	1.71E-05
chr10:5587810-5588190	3.155324749	1.20E-06	1.77E-05
chr20:25226687-25226893	-1.106747286	1.21E-06	1.78E-05
chr7:1501148-1501314	-2.247381772	1.22E-06	1.79E-05
chr20:1792448-1792844	-2.488053971	1.23E-06	1.79E-05
chr3:195897824-195897955	-1.03921433	1.23E-06	1.79E-05
chr2:242801923-242802843	-1.309263914	1.27E-06	1.85E-05
chr22:30671325-30671531	-1.171578895	1.29E-06	1.87E-05
chr22:42840483-42840921	2.064756019	1.30E-06	1.87E-05
chr21:44830426-44830842	2.124107041	1.32E-06	1.90E-05
chr14:95861859-95861987	-2.558853852	1.36E-06	1.96E-05
chr18:20263132-20263811	-1.317742922	1.37E-06	1.96E-05
chr5:172222248-172222806	-1.802338755	1.43E-06	2.04E-05
chr2:235353626-235353934	-1.55014867	1.43E-06	2.04E-05
chr18:74399023-74399139	3.277323029	1.48E-06	2.11E-05
chr10:5535635-5536039	2.799518913	1.50E-06	2.13E-05
chr12:51327584-51327783	-1.186480501	1.54E-06	2.18E-05
chr17:6925152-6925653	-2.412619517	1.57E-06	2.21E-05
chr16:51670868-51671078	3.35260661	1.59E-06	2.24E-05
chr20:58955192-58955446	-1.479666844	1.60E-06	2.24E-05
chr10:135074691-135075148	1.277486853	1.75E-06	2.44E-05
chr8:144108350-144108468	-1.042549045	1.78E-06	2.49E-05
chr14:42075138-42075996	-1.311890949	1.89E-06	2.63E-05
chr22:42345357-42345934	2.033253108	2.04E-06	2.82E-05
chr6:169569548-169569688	1.507490234	2.07E-06	2.85E-05
chr8:144301806-144302247	-2.317015943	2.14E-06	2.94E-05
chr7:142246179-142246560	2.266115048	2.17E-06	2.98E-05
chr22:39604307-39604633	-1.177900556	2.21E-06	3.03E-05
chr22:51110202-51110387	-1.559953309	2.26E-06	3.09E-05
chr22:46970983-46971382	2.020674938	2.36E-06	3.22E-05
chr10:3848037-3849536	2.543102639	2.50E-06	3.39E-05
chr22:42835802-42836124	2.21914593	2.52E-06	3.42E-05
chr16:66165018-66165370	4.431631726	2.63E-06	3.55E-05
chr4:124764674-124764868	-2.022376726	2.64E-06	3.56E-05
chr15:99091450-99092159	-1.091021173	2.77E-06	3.73E-05
chr10:5593718-5593999	2.86520715	2.97E-06	3.98E-05
chr1:234470466-234470691	-1.827460116	3.04E-06	4.05E-05
chr10:8090455-8090655	1.428577923	3.05E-06	4.05E-05
chr9:14992180-14992514	-1.019533989	3.31E-06	4.39E-05
chr21:17444153-17444342	-1.944437713	3.32E-06	4.39E-05
chr14:105538797-105539160	1.236023881	3.39E-06	4.48E-05
chr21:44469974-44470172	1.989627621	3.41E-06	4.49E-05
chr16:66960903-66961306	-1.520919092	3.44E-06	4.52E-05
chr1:233809261-233809638	1.555930043	3.44E-06	4.52E-05
chr8:144302525-144302816	-2.835020905	3.46E-06	4.52E-05
chr5:177513304-177513421	1.82287474	3.46E-06	4.52E-05
chr6:147235645-147236230	2.564663902	3.51E-06	4.57E-05
chr6:12242168-12242480	-1.201935854	3.56E-06	4.62E-05
chr20:46700957-46701130	2.798583228	3.74E-06	4.82E-05
chr8:144106773-144106936	-1.13669002	3.93E-06	5.05E-05
chr3:151507223-151507685	-2.029516521	4.15E-06	5.32E-05
chr6:147235088-147235549	2.19904216	4.48E-06	5.72E-05
chrX:79918713-79919107	1.643168878	4.55E-06	5.79E-05
chr17:10658369-10658680	-1.677408425	4.61E-06	5.86E-05
chr8:30435369-30435466	-1.320783016	4.71E-06	5.95E-05
chr16:3060017-3060177	1.656799082	4.79E-06	6.05E-05
chr8:22535910-22536200	-1.756763975	4.92E-06	6.18E-05
chr5:177505252-177505654	3.91415016	4.94E-06	6.19E-05
chr16:88337697-88337985	1.969434305	5.12E-06	6.40E-05
chr14:91734470-91734656	2.069948905	5.25E-06	6.55E-05
chr8:96197025-96197314	1.48390453	5.42E-06	6.74E-05
chr20:25227906-25228088	-1.254376097	5.60E-06	6.96E-05
chr16:29137517-29137756	-1.508119897	5.86E-06	7.25E-05
chr4:189365489-189365865	-2.412282412	5.89E-06	7.27E-05
chr6:143274620-143274763	-1.187642094	6.24E-06	7.68E-05
chr1:858256-858648	2.274357151	6.59E-06	8.10E-05
chr6:169556642-169556776	1.789255056	6.95E-06	8.51E-05
chr4:190708637-190708848	-4.309068978	7.05E-06	8.62E-05
chr1:234658291-234658851	-2.481042517	7.25E-06	8.85E-05
chr8:128305149-128305567	-1.772368927	7.34E-06	8.93E-05
chr11:129242787-129242887	-1.620304052	7.68E-06	9.31E-05
chr22:31030399-31030736	-1.599438445	8.06E-06	9.73E-05
chr16:85202555-85203049	-2.632978369	8.17E-06	9.83E-05
chr10:3852273-3852886	1.854033235	8.61E-06	0.000103422
chr4:121482847-121483145	-1.507244827	9.28E-06	0.000111159
chr14:91723953-91724002	1.815304687	9.36E-06	0.000111974
chr9:113020932-113021563	1.541669078	9.70E-06	0.000115781
chr14:35821559-35821658	1.538000133	9.74E-06	0.000115938
chr12:26267263-26267811	-1.919578588	9.88E-06	0.000117362
chr9:1917403-1917482	-2.126003315	1.04E-05	0.000123268
chr22:30644816-30645407	-1.723359857	1.06E-05	0.000124278
chr10:9017648-9017767	6.808004287	1.06E-05	0.000124278
chr9:13034069-13034552	3.610995764	1.08E-05	0.000126226
chr16:2917931-2918273	1.027428712	1.08E-05	0.000126226
chrX:13170049-13170410	-2.91593224	1.09E-05	0.000127274
chr8:145911932-145912089	1.667644986	1.12E-05	0.000129488
chr1:27185755-27186143	-1.453156066	1.12E-05	0.000129488
chr7:45244610-45244975	-1.099799889	1.12E-05	0.000129622
chr20:1766926-1767304	-2.064070932	1.12E-05	0.000129622
chr22:32511629-32511843	-2.08473155	1.17E-05	0.000134956
chr7:27386345-27386573	3.366049286	1.19E-05	0.00013632
chr7:373094-373351	-2.599842953	1.23E-05	0.000140557
chr11:2009660-2010154	-1.88933844	1.25E-05	0.000142462
chr10:5530637-5531333	3.220053175	1.28E-05	0.000145855
chr5:173205731-173206004	-2.366348969	1.28E-05	0.000145855
chr8:61835199-61835395	1.72243653	1.32E-05	0.000148856
chr20:2812856-2812910	-1.413309815	1.32E-05	0.000148856
chr1:8198088-8198334	-1.686610928	1.39E-05	0.000156377
chr22:50364171-50364294	-1.294672619	1.40E-05	0.000156982
chr22:39608827-39609203	-1.112692284	1.40E-05	0.000157174
chr3:150457276-150457594	1.837735538	1.43E-05	0.000160474
chr4:3463022-3463837	2.162709065	1.47E-05	0.000163833
chr1:25566618-25566670	-1.267575197	1.48E-05	0.000164655
chr8:128306934-128307283	-1.424499308	1.54E-05	0.000170541
chr15:96703320-96703585	-1.434956436	1.56E-05	0.000172831
chr3:188661502-188661787	-1.106127837	1.56E-05	0.000172831
chr6:159449163-159449535	-1.077220366	1.57E-05	0.000172831
chr4:79537274-79537650	-1.45915059	1.58E-05	0.000173601
chr15:101261855-101262549	-2.877952346	1.72E-05	0.000189237
chr12:52278286-52278855	-2.585206596	1.78E-05	0.000194512
chr2:242805912-242805984	-1.62900148	1.79E-05	0.000194562
chr5:44821100-44821499	1.099833269	1.79E-05	0.000194562
chr6:14910842-14911169	1.907907394	1.84E-05	0.000200287
chr8:10725251-10725387	-1.603961278	1.89E-05	0.000205343
chr8:66893726-66894034	1.351915343	1.97E-05	0.000213037
chr16:57377213-57377564	-2.861516307	2.02E-05	0.00021816
chr8:16999712-16999890	-1.701225741	2.12E-05	0.000227787
chr4:74569694-74570920	-2.236419978	2.25E-05	0.000241932
chr16:4349200-4349352	1.202608025	2.27E-05	0.000243407
chr11:122052220-122052515	-1.946736557	2.28E-05	0.000243407
chr20:290991-291448	1.268276212	2.29E-05	0.00024444
chr6:158185393-158186221	-1.869791642	2.34E-05	0.000248442
chr20:46556797-46557054	2.97844952	2.34E-05	0.000248442
chr5:957095-957485	2.493212085	2.39E-05	0.000253776
chr8:82252189-82252452	-2.193067118	2.50E-05	0.000264488
chr18:20035500-20035848	-2.060957044	2.60E-05	0.000274473
chr7:3283908-3284312	-1.733536137	2.64E-05	0.000278235
chr2:242714145-242714474	2.992432903	2.69E-05	0.000283047
chr11:12973520-12973623	-1.979974627	2.98E-05	0.000312743
chr14:105154013-105154712	1.866097598	3.08E-05	0.000322566
chr7:157092515-157093215	2.295532743	3.10E-05	0.000323531
chr16:1341001-1341384	3.088220556	3.16E-05	0.000329383
chr4:38859134-38859762	1.901518663	3.35E-05	0.00034752
chr16:88338212-88338634	1.461308093	3.43E-05	0.000355576
chr16:14088591-14088730	-2.061924886	3.46E-05	0.000358238
chr12:43506983-43507174	5.207016451	3.49E-05	0.000360096
chr2:235397514-235398106	-1.236951231	3.52E-05	0.000362448
chr14:91730791-91731194	1.724760246	3.58E-05	0.000367693
chr14:105541748-105541955	1.54581789	3.60E-05	0.000368592
chr8:102423654-102423774	1.979576272	3.60E-05	0.000368592
chr6:144537313-144537754	-1.056584434	3.64E-05	0.000371407
chr1:235010375-235010572	2.035565918	3.65E-05	0.000371638
chr10:44046358-44046416	1.119053162	3.72E-05	0.00037814
chr7:2538442-2538641	-1.861220977	3.73E-05	0.000378207
chr11:9635436-9636077	-1.114208167	3.88E-05	0.000392283
chr16:50573093-50573439	3.30942179	3.88E-05	0.000392283
chr14:104009097-104009329	-1.167266646	3.91E-05	0.000394356
chr2:455045-455436	-2.04523917	4.07E-05	0.000408519
chr7:129419876-129420343	1.646429692	4.19E-05	0.000419651
chr18:8801229-8801479	2.692379396	4.20E-05	0.000419794
chr6:170482866-170483129	-1.387526456	4.43E-05	0.000441922
chr4:161240057-161240222	6.228265689	4.54E-05	0.000451015
chr7:75923846-75924306	1.74397592	4.54E-05	0.000451015
chr6:168778167-168778509	-1.626462241	4.59E-05	0.000454687
chr20:5466179-5466313	-1.22977039	4.60E-05	0.000454687
chr6:148358652-148358995	-2.764463502	4.65E-05	0.000459387
chr10:179287-179666	1.06417588	4.67E-05	0.00046017
chrX:1479744-1480128	-1.201790095	4.72E-05	0.00046414
chr21:47438635-47438925	-1.694789864	4.73E-05	0.00046414
chr10:9042425-9042760	4.489117962	5.06E-05	0.000495074
chr10:5590507-5590769	4.101948216	5.16E-05	0.000502978
chr20:48900220-48901229	-1.458584131	5.16E-05	0.000502978
chr16:88448195-88448445	1.70699652	5.21E-05	0.000506804
chr5:2719879-2719902	-2.125970112	5.27E-05	0.000510899
chr1:856539-856757	2.103405254	5.37E-05	0.000518779
chr6:166765505-166765751	-1.095909064	5.41E-05	0.000521678
chr20:1793760-1794139	-2.212501579	5.42E-05	0.000521678
chr20:39339297-39339534	-2.476463389	5.54E-05	0.000532776
chr7:22444276-22444586	-1.983173265	5.66E-05	0.000542714
chr8:2740285-2740400	-1.786505957	5.88E-05	0.000563065
chr14:105265888-105266206	1.311114665	6.06E-05	0.000579402
chr9:140487255-140487495	1.527399731	6.23E-05	0.00059449
chr3:195908745-195909032	-1.239495749	6.41E-05	0.00061121
chr11:2031573-2031928	-2.111410072	6.65E-05	0.000632672
chr2:237685373-237686074	-1.435030886	6.78E-05	0.000643385
chr15:96630507-96630843	-1.529323669	6.85E-05	0.000649014
chr6:138265633-138265773	2.95363558	6.87E-05	0.000649627
chr10:135071993-135072118	1.147170971	6.89E-05	0.000650515
chr7:158500449-158500649	1.017191178	6.93E-05	0.000653418
chr9:13084176-13084414	3.176745271	7.14E-05	0.000671809
chr7:104612836-104613032	-1.37859634	7.20E-05	0.000674734
chr8:29948448-29949236	-1.638728151	7.20E-05	0.000674734
chr10:17652629-17652974	-1.542896554	7.25E-05	0.000677435
chr22:46944783-46944886	2.322565408	7.45E-05	0.000693705
chr4:683740-684022	1.344854852	7.51E-05	0.000698941
chr2:237885369-237885886	-1.664700231	7.53E-05	0.000699075
chr1:1173386-1173736	2.535689365	7.59E-05	0.000703452
chr14:95060330-95060702	1.788888944	7.66E-05	0.00070838
chr5:159419234-159419398	-1.058192461	7.70E-05	0.000711559
chr8:1693210-1693378	1.439501091	7.76E-05	0.000715552
chr18:74277589-74278024	-1.411361055	7.84E-05	0.000721439
chr12:13376138-13376415	-1.75537755	8.09E-05	0.000741466
chr9:132168772-132168919	2.600212943	8.18E-05	0.000746318
chr5:173391394-173391777	2.082964147	8.35E-05	0.000761242
chr12:53368339-53368600	3.018251361	8.40E-05	0.000764359
chr22:43076677-43076928	-1.108728205	8.57E-05	0.00077839
chr3:197033346-197033465	1.611073474	8.66E-05	0.000784941
chr10:8897116-8897206	4.02796256	8.95E-05	0.000809295
chr17:7236036-7236269	-1.113293575	9.07E-05	0.000818835
chr4:187762182-187762435	-1.329575134	9.23E-05	0.000831133
chr1:16508402-16508642	-1.516117292	9.56E-05	0.000856407
chr10:9076423-9076646	5.030597797	9.57E-05	0.000856407
chr20:17876337-17876490	-2.291913392	9.77E-05	0.000872076
chr16:3031604-3031823	1.372386733	9.78E-05	0.000872076
chr8:119808728-119809168	1.946367808	9.81E-05	0.000872076
chr16:50554457-50554868	3.52976091	9.82E-05	0.000872076
chr15:100456302-100456505	-1.106128466	9.84E-05	0.000872076
chr6:109035823-109035995	-1.124636938	9.86E-05	0.000872076
chr8:144820199-144820570	1.014039122	9.93E-05	0.000877244
chr1:12600525-12600853	-1.762714525	0.000100471	0.000884565
chr11:117882756-117883280	-2.36646334	0.000100829	0.000886286
chr21:44760713-44760913	2.746499454	0.00010381	0.000911019
chr17:4812526-4812616	-1.823473486	0.0001043	0.000913842
chr3:141173878-141174028	1.214558936	0.000104964	0.000918179
chr1:248894360-248894532	2.967047095	0.000105672	0.000922894
chr10:8898873-8899238	5.043622718	0.000107923	0.000939539
chr7:17094571-17094955	1.222029631	0.00010842	0.00094096
chr8:82263227-82263471	-2.15978226	0.000108433	0.00094096
chr4:124410194-124410374	-2.842214648	0.000109053	0.000944833
chr11:2008416-2008795	-2.341367593	0.000112429	0.000972537
chr10:5638863-5639270	1.843490309	0.000118169	0.001019741
chr20:20347223-20347613	4.842858837	0.000121685	0.001046146
chr20:56293544-56293843	1.263860807	0.000121763	0.001046146
chr4:186495067-186495245	-2.13880457	0.0001219	0.001046146
chrX:117832529-117832854	-2.154784688	0.000122374	0.001048564
chr11:368352-368730	-1.046235651	0.000123991	0.001060751
chrX:3732525-3732707	1.353323708	0.000124909	0.001066919
chr10:8907472-8907746	4.646528483	0.000126261	0.001076779
chrX:124338810-124338926	-1.799752119	0.000131	0.001111964
chr3:194022185-194022450	1.576832476	0.000138194	0.001169382
chr16:64944348-64944657	5.006689883	0.000139503	0.001178626
chr10:29421778-29421876	2.489200437	0.000147783	0.001240871
chr19:2287726-2288039	1.215089712	0.000148178	0.001242279
chrX:3102520-3102927	2.776039661	0.000152897	0.001276091
chr16:1339188-1339523	3.526283217	0.000152915	0.001276091
chr2:239968226-239968465	-1.631386662	0.000156067	0.001300398
chr14:43420114-43420297	3.686065864	0.000159388	0.001324013
chr6:169314330-169314429	2.868706256	0.000159638	0.001324069
chr10:38202647-38203041	-2.359681088	0.000161305	0.001333827
chr14:103672309-103672597	1.271475283	0.000162108	0.001338438
chr22:35529944-35530291	7.036811754	0.000164444	0.00135362
chr2:393939-394227	-1.905093345	0.000166162	0.001365688
chr15:100452291-100452658	-2.595950294	0.00016656	0.001366896
chr20:58957250-58957289	-1.328340006	0.000166883	0.001367486
chr6:151178145-151178545	-1.089769316	0.000175791	0.001436154
chr12:53288883-53289427	-2.435139099	0.000177891	0.001448962
chr9:133776271-133776620	2.644286489	0.000178654	0.001452997
chr6:138022263-138022940	1.734139202	0.000179514	0.001456762
chr12:833741-833842	-2.213189687	0.000179652	0.001456762
chr16:1347371-1347380	2.627777925	0.000183385	0.001484816
chr4:169992046-169992220	1.950164384	0.000183822	0.001485244
chr2:242485030-242485360	-2.246577884	0.000183984	0.001485244
chr4:185770455-185770749	-1.960026159	0.000194735	0.001560462
chr4:175148409-175148685	-1.183455423	0.000195051	0.001560691
chrX:133320992-133321049	6.068297574	0.000196297	0.001567908
chr10:8088862-8088888	3.728381257	0.000196817	0.001567908
chr2:238052381-238052681	-1.339495966	0.000199226	0.001584779
chr18:51787123-51787305	-1.236351167	0.000200324	0.001591185
chr2:237881431-237881780	-2.425685079	0.00020175	0.001595497
chr3:187011848-187012020	-2.304904487	0.000201937	0.001595497
chr7:90161-90450	-2.116259291	0.00020204	0.001595497
chr22:48883958-48884244	3.634228938	0.000204127	0.001607317
chr4:78977065-78977655	-1.115948812	0.000206601	0.001624444
chr11:121915938-121916278	-1.642419266	0.000208242	0.001632631
chr7:38282478-38282707	-1.040336989	0.00020995	0.001643652
chr5:964858-965249	1.53362127	0.000213219	0.001666843
chr1:8194345-8194402	-1.907623454	0.000224271	0.001750731
chr6:170491997-170492052	-1.527113397	0.000224768	0.001752093
chr20:1873360-1873375	-1.863762223	0.000226354	0.001759716
chr20:43869504-43869693	-1.272642041	0.000227097	0.001762673
chr4:184270914-184271169	1.409747138	0.000233877	0.001810132
chr1:229388898-229389111	-1.262876602	0.000235453	0.001817163
chr8:117000021-117000603	1.661825901	0.000238146	0.001832748
chr4:85420434-85420908	2.178732277	0.000240126	0.001845377
chr21:44831131-44831382	2.145829467	0.000242632	0.00185938
chr8:96129740-96130058	1.658529149	0.000248006	0.001895225
chr12:26268989-26269114	-2.112025261	0.000254495	0.001939365
chr5:14142332-14142650	1.327750639	0.000255846	0.001946932
chr1:229333028-229333175	-1.81263395	0.000262732	0.001993755
chr2:241373489-241373922	-1.918929938	0.000263137	0.001994053
chr9:132189846-132190422	-2.333387135	0.000265595	0.002009876
chr1:10245595-10245867	-1.703037868	0.000267962	0.002024973
chr10:44363607-44363971	-1.375918784	0.000270545	0.002041661
chr6:169475360-169475647	-1.547670451	0.000272263	0.002051774
chr11:10940363-10940655	-1.42252979	0.00027493	0.002069013
chr2:289560-289860	-2.428179362	0.000277525	0.002085651
chr8:128911546-128911899	1.124266773	0.000279075	0.002094412
chr8:101506755-101507113	1.527596787	0.000279899	0.002097698
chr6:148443958-148444368	-2.781973031	0.000285017	0.002133118
chr7:130552122-130552429	-1.240157669	0.000287453	0.002148393
chr8:101512336-101512720	1.541124446	0.000289609	0.002161537
chr10:5590959-5591270	1.046512471	0.000299733	0.00222612
chr16:55365064-55365162	-1.722848325	0.000299898	0.00222612
chr14:92020221-92020609	1.334401241	0.000306719	0.002270555
chr6:387336-387726	-1.907770852	0.000308933	0.002283836
chr10:9052186-9052462	3.715347658	0.000311298	0.002295086
chr9:140134697-140134985	1.089789173	0.000317064	0.00233128
chr8:124678761-124678897	1.860023089	0.000321236	0.002355949
chr12:13229599-13229845	1.273251844	0.00033176	0.002429484
chr9:120522424-120523171	-1.020957187	0.000332969	0.002435063
chr20:42286061-42286420	2.472891222	0.000339236	0.002477563
chr7:100812004-100812607	3.606890288	0.000342305	0.002496627
chr10:3856317-3856712	2.829258687	0.000356466	0.002596431
chr9:139538017-139538160	-1.874592192	0.000358698	0.0026079
chr21:46172768-46173172	3.668092606	0.000367928	0.002665638
chr6:143286973-143287055	-1.37211758	0.0003912	0.002826719
chr5:53969444-53970118	-1.302929932	0.000402115	0.002893839
chr9:139737773-139737949	1.076935184	0.000402617	0.002893839
chr8:101450289-101450675	1.830383182	0.000405002	0.002907146
chr5:54197279-54197516	3.45631416	0.000406155	0.002907751
chr17:4552128-4552263	1.750939161	0.000409712	0.002929356
chr11:35052236-35052689	1.238010973	0.000411647	0.002939333
chr6:6811454-6812228	1.50594993	0.000413269	0.002943837
chr8:102478937-102479163	1.272667248	0.00041336	0.002943837
chr4:114369024-114369155	-1.157606436	0.000416504	0.002962349
chr14:38755298-38755650	-1.969946092	0.000426474	0.0030293
chr14:27998275-27998515	-3.459273307	0.000427522	0.00303279
chrX:139855409-139855570	-1.121812676	0.000431639	0.003056922
chr16:11300663-11300859	-1.154675614	0.000432048	0.003056922
chr8:144328155-144328364	-2.047174808	0.000434342	0.003069164
chr9:2490043-2490145	-1.431728724	0.000439109	0.003098822
chr16:69506405-69506529	-1.438593201	0.000445057	0.003136729
chr22:30608541-30609106	-1.608895919	0.000453229	0.003190193
chr9:118358577-118359027	1.671061546	0.000457764	0.003217954
chr21:44856189-44856512	1.013004856	0.00046076	0.003233221
chr4:7966281-7966672	-1.071635741	0.000461125	0.003233221
chr12:9797730-9798098	1.948312497	0.000467934	0.003276744
chr4:141164479-141164682	-1.33630546	0.000470386	0.003289681
chr8:117049380-117049760	1.749697912	0.000483892	0.003379792
chr6:14889640-14889747	3.328531725	0.000486729	0.003393279
chr5:1930136-1931342	-1.103775616	0.000487071	0.003393279
chr2:235399833-235400404	-1.256415151	0.000491655	0.003418498
chr8:61816883-61817210	2.859828599	0.000491947	0.003418498
chr10:8915965-8916215	5.552403292	0.000507403	0.003521404
chr21:45627966-45628150	1.309001812	0.000509368	0.003530537
chr16:3013245-3013631	2.598987308	0.00051847	0.003589051
chrX:117832906-117833107	-1.795069723	0.000519504	0.003591638
chr6:118759105-118759218	-1.825710702	0.000523477	0.003614519
chr19:2494705-2495117	1.082862845	0.000529889	0.003649527
chr22:30678606-30678993	-1.080929365	0.000532029	0.003659632
chr1:19283819-19283997	-1.835857707	0.000543767	0.003735654
chr1:229229415-229229758	-1.982282284	0.000545175	0.003740601
chr14:95239496-95239653	1.213046128	0.000548884	0.003761304
chr5:54897039-54897427	-1.976632861	0.000553516	0.003783516
chr16:4818680-4818913	1.427664338	0.000569048	0.003884805
chr21:44832284-44832425	1.68190489	0.000573362	0.003909354
chr20:1790289-1790734	-1.607214479	0.000574901	0.003914938
chr22:42345988-42346366	1.713007927	0.000577184	0.003925572
chr6:170338493-170338711	-1.879086395	0.000580254	0.003938616
chr14:38542945-38543074	2.344566649	0.000593922	0.004014323
chr8:128944008-128944415	2.383122789	0.000595474	0.00401982
chr6:5994378-5994644	-1.015640878	0.000598834	0.004032494
chr11:123951200-123951810	-1.516864915	0.000601358	0.004043531
chr6:138023530-138023872	2.259210171	0.000606016	0.004065762
chr6:142698366-142698689	1.275324827	0.000614617	0.004113324
chr12:47701468-47701752	1.310236888	0.000625131	0.004178546
chr9:132171147-132171349	2.773107476	0.000637609	0.004251511
chr20:56592800-56593208	1.209142585	0.000647651	0.004313178
chr4:84872849-84873141	6.1484209	0.000671074	0.004458258
chr2:237784498-237784842	2.994588935	0.000678282	0.004495956
chr14:95981456-95981771	-1.796777442	0.000678401	0.004495956
chr1:8195042-8195246	-1.428506761	0.00068897	0.004554071
chr20:1789800-1790010	-1.443227365	0.000694931	0.004583178
chr7:38354761-38355072	-1.2237561	0.000716658	0.004715592
chr7:1546091-1546367	1.128786053	0.000716742	0.004715592
chr6:168789584-168789819	1.070831228	0.000718958	0.004724455
chr10:6162113-6162335	-1.411770913	0.000723135	0.004746172
chr14:104601589-104601707	-1.002836015	0.000728653	0.004776631
chr6:106440406-106440671	2.029943082	0.000734318	0.004807972
chr4:185234268-185234603	1.587959152	0.000738763	0.004828999
chr16:57717053-57717380	-1.375560247	0.000739305	0.004828999
chr9:101973951-101974336	-1.046024703	0.000751912	0.004899587
chr20:58885670-58885801	-1.248806106	0.000761026	0.004947126
chr2:237884627-237885186	-1.573728088	0.000772554	0.005004124
chr9:134114047-134114338	-1.347672686	0.000774573	0.005011241
chr10:31101079-31101298	-2.706543053	0.00077982	0.005039194
chrX:149371061-149371452	3.370082522	0.000782952	0.005044474
chr16:10688488-10688836	2.912808935	0.000783194	0.005044474
chr20:43321614-43322020	1.453974916	0.000800431	0.005135787
chr22:36855477-36855678	-1.358219449	0.000819412	0.005245198
chr9:139513037-139513494	-1.096874932	0.000822144	0.005256507
chr10:8931286-8931468	6.629113089	0.000824264	0.005263872
chr4:40050527-40050740	1.275615692	0.000828804	0.005274298
chr7:75926781-75926853	1.745933438	0.000831275	0.005283839
chr3:193822220-193822536	3.410687557	0.000848916	0.005389676
chr20:48901354-48901524	-1.709910114	0.000856915	0.005427795
chr21:44758836-44759116	2.256094019	0.000866261	0.005480611
chr20:52514730-52515023	1.82270017	0.000877848	0.005543492
chr4:185235186-185235665	1.927841487	0.000879845	0.005543492
chr22:46957537-46957704	3.161261639	0.000880275	0.005543492
chr14:44249775-44250158	6.168051083	0.000883419	0.005556697
chr3:195906363-195907075	-1.026570882	0.000891223	0.005586573
chr14:24503912-24503926	1.789295695	0.000903327	0.00565593
chr6:6885637-6886125	-1.138994795	0.000923424	0.005768485
chr11:1772582-1772778	1.308716529	0.000937479	0.005849565
chr11:2212480-2212615	-2.709890206	0.000941369	0.005867111
chr20:48367008-48367399	-2.2468995	0.000949421	0.005903773
chr6:12250724-12250902	-1.00717579	0.00098991	0.006148513
chr6:157041058-157041538	-2.128625603	0.000996867	0.006177897
chr18:9866165-9866386	4.390723827	0.000996911	0.006177897
chr6:104972844-104972913	-1.88412383	0.001005612	0.006219354
chr20:60944265-60944566	2.001075354	0.001019111	0.006293968
chr7:95030354-95030375	-1.1127242	0.001034858	0.006383969
chr10:22039558-22039808	1.976113937	0.001054909	0.006492939
chr7:44136998-44137292	3.0663164	0.001063617	0.006539141
chr1:12599928-12600179	-1.394210281	0.001070961	0.006576859
chr1:234862200-234862535	1.118846415	0.001074428	0.006590715
chr8:29946002-29946367	-1.20074844	0.00111634	0.006840094
chr9:132369856-132370376	1.719459916	0.00111998	0.006854681
chr21:44831891-44832268	1.418682566	0.001122032	0.006859524
chr20:49346260-49347200	2.216553803	0.001139923	0.006961078
chr20:61317452-61317806	-1.603844653	0.001141505	0.006962922
chr21:17444568-17444796	-1.595967923	0.001151782	0.007009896
chr5:2694499-2694872	3.628436089	0.001161837	0.00706319
chr6:159484182-159484547	1.951272891	0.00116653	0.007083808
chr1:26123435-26123824	-1.619511707	0.001178742	0.007149983
chr6:148564785-148565120	-1.368583882	0.001187974	0.007181961
chr12:17006116-17006369	-1.465269311	0.00119499	0.007216358
chr20:52355086-52355238	1.362751173	0.001207864	0.007277949
chr10:44373947-44374132	-1.474783009	0.001216779	0.007315463
chr16:89126677-89126907	2.494251469	0.001219593	0.007324286
chr16:85496879-85497321	2.065423254	0.001221857	0.007329797
chr7:89354-89662	-2.153323994	0.001261504	0.007550984
chr8:75605656-75605872	-2.028602472	0.001274193	0.007618553
chr9:113021820-113022154	2.363436392	0.001276449	0.007623664
chr16:88857121-88857244	1.871982228	0.00127835	0.007626648
chr7:139930863-139931473	1.184920037	0.001288494	0.007670347
chr22:51060079-51060266	-1.171547118	0.001305412	0.007762565
chr20:61748235-61748616	4.931718682	0.001310579	0.007784781
chr8:101427912-101428321	2.891570638	0.001316856	0.007813537
chr5:6828067-6828336	2.050274161	0.001322099	0.007830416
chr20:31099798-31099830	1.965442934	0.001324846	0.00783531
chr22:45664918-45665214	-1.423459503	0.001350559	0.007978707
chr8:144272609-144273113	-1.555844332	0.001352191	0.007979689
chr6:14658378-14658636	2.521122486	0.001362929	0.00803434
chr14:106087956-106088249	5.405355284	0.001374089	0.008082612
chr15:98957223-98957617	-1.384909213	0.001379395	0.008097693
chr7:156724801-156725029	2.572006214	0.0013822	0.008104039
chr11:1773349-1773482	1.673460555	0.001386206	0.00811878
chr8:61819241-61819611	2.67459661	0.001388218	0.00812182
chr8:61816296-61816572	2.260905871	0.001396485	0.008158466
chr9:139541579-139541677	-1.629484926	0.00139748	0.008158466
chr22:35745535-35745614	-1.55101479	0.00140289	0.008181267
chr22:39363763-39364255	-1.142496213	0.001423638	0.008293379
chr16:56641054-56641530	-1.725661044	0.001430774	0.008326031
chr8:29419877-29419995	3.568303861	0.00143734	0.008355307
chr20:34197138-34197351	1.063686011	0.001439428	0.008358513
chr11:117881559-117881948	-1.914572946	0.001447427	0.008390206
chr8:49321087-49321473	6.323046418	0.00144797	0.008390206
chr9:126102323-126102736	1.832304859	0.001452686	0.008408581
chr6:159513696-159514062	2.309620636	0.001465607	0.008474353
chr16:86963366-86964014	-1.655603111	0.0014732	0.008509213
chr11:118740767-118741727	1.536069587	0.001486884	0.008562556
chr2:238053401-238053581	-1.26783614	0.001487156	0.008562556
chr5:957591-958302	1.599330571	0.001491782	0.008580115
chr7:36885113-36885488	-1.339071848	0.001497841	0.008605861
chr7:25896245-25896461	-3.655791604	0.001509896	0.008647729
chr5:172198749-172199959	-1.026933892	0.00153303	0.008755203
chr1:993498-993878	2.757893556	0.001538547	0.008764635
chr20:20188538-20188860	1.533634664	0.001539973	0.008764635
chr10:4713647-4713873	-1.542342996	0.001541853	0.008766166
chr21:11128400-11128724	-2.422278528	0.001592296	0.009038684
chr14:91002583-91003004	-1.638737965	0.001597472	0.009054003
chr3:194041526-194041906	1.782645924	0.001609631	0.009103954
chr10:45375087-45375420	-1.242237696	0.0016252	0.009173828
chr8:21999982-22000221	3.19286481	0.001633416	0.009209758
chr3:141204930-141205324	1.186201223	0.001643128	0.009254928
chr21:44765825-44766380	2.73037609	0.001646105	0.009262104
chr7:152330696-152330805	2.393501929	0.001657013	0.009299534
chr1:235188116-235188420	1.716397497	0.001658852	0.009299534
chr6:130151547-130151808	1.269019961	0.001660149	0.009299534
chr1:229339200-229339557	-1.997538113	0.001661899	0.009299534
chr20:46704624-46705027	5.643479267	0.001663012	0.009299534
chr4:109281025-109281423	3.486880424	0.001675888	0.009361919
chr14:95981007-95981377	-1.681791547	0.001693332	0.00943998
chr8:61910193-61910315	1.87428444	0.00170361	0.009477854
chr1:235097868-235098070	-1.044562813	0.001752506	0.009729983
chr9:751014-751390	-1.321988793	0.001800817	0.009957568
chr3:182727471-182727797	-1.023764259	0.001813305	0.010016441
chr9:114938880-114939057	2.91264859	0.001819242	0.01002887
chr8:54315229-54315357	-1.590878706	0.001837257	0.010117933
chr9:123477335-123478104	1.481501799	0.001847446	0.01015661
chr19:7402747-7403030	-1.21802102	0.001848014	0.01015661
chr8:134156406-134156683	2.870279005	0.001866841	0.010239397
chr14:22855094-22855648	2.180107419	0.001870846	0.010251033
chr20:46067997-46068157	-1.976157051	0.001877564	0.010257356
chr5:173846140-173846257	1.790192827	0.001877656	0.010257356
chr11:114224881-114225192	-1.420898438	0.001880781	0.010264124
chr14:38057887-38058022	1.202841497	0.001888723	0.010297136
chr16:66170755-66170866	2.666619845	0.001907877	0.01039115
chr21:44768943-44769386	2.220509121	0.001923243	0.010464366
chr8:117175146-117175377	2.544192908	0.001926926	0.010473929
chr14:105148231-105148612	1.757733507	0.001929811	0.010479143
chr16:87980577-87980839	1.953940118	0.001936249	0.01050147
chr16:10710369-10710537	2.212376138	0.001937783	0.01050147
chr11:91957038-91957557	-2.33520581	0.00194921	0.010536362
chr6:5991749-5992069	-1.320036827	0.001962364	0.010592481
chr7:17108869-17109083	1.308851542	0.001965059	0.010596518
chr8:72880263-72880309	-1.54125201	0.001974182	0.010632357
chr16:85497347-85497685	2.535519316	0.001975614	0.010632357
chr14:20895931-20896136	-3.086673899	0.001985935	0.010677344
chr4:185204289-185204819	1.28799042	0.002009059	0.010791004
chr2:242960507-242960893	1.670522974	0.002025083	0.010866348
chr3:149960024-149960302	1.609752991	0.002050645	0.010979202
chr7:75922960-75923105	1.587451403	0.002052168	0.010979202
chr1:229326926-229327085	-1.387783159	0.002091382	0.011178006
chr12:10220622-10220778	-1.48467113	0.002107526	0.011242205
chr12:48579978-48580344	-1.964203435	0.002138651	0.01138591
chr9:118403305-118403595	3.829146363	0.002147312	0.011409692
chr10:30842081-30842302	-2.088701482	0.002153005	0.011428781
chr6:10719904-10720278	1.36325165	0.002178994	0.011544214
chr18:19926493-19926623	-1.155900815	0.002192069	0.011602185
chr5:172698519-172698848	2.860121306	0.002199717	0.011631351
chr18:61046049-61046189	-1.172244844	0.002203128	0.011638075
chr14:24163763-24164098	1.4993888	0.002208809	0.01165677
chr6:14211875-14212265	1.262698235	0.002236863	0.011770572
chr8:101476271-101476730	1.566782305	0.002251491	0.011836099
chr12:12425810-12426042	-1.179032398	0.002264253	0.0118917
chr5:173909800-173909986	2.273086843	0.002332729	0.012215955
chr14:105549558-105549976	2.704835221	0.002371175	0.012405349
chr3:172304233-172304595	1.289547091	0.002376914	0.01242343
chr1:22002610-22002786	-1.144703566	0.002421882	0.012636505
chr4:22636795-22637032	-1.494504538	0.002423296	0.012636505
chr22:50982591-50982963	1.563598191	0.002424648	0.012636505
chr11:117878914-117879095	-2.196212254	0.002450977	0.012761497
chr18:13175824-13176186	2.906468626	0.002471624	0.012856698
chr8:29526859-29527039	-1.410499383	0.002486475	0.012921597
chr6:170358465-170358648	2.900177641	0.002494499	0.012950927
chr7:64733908-64734317	2.185159924	0.002523151	0.01307473
chr4:40313713-40314128	2.889932122	0.002541004	0.013154714
chr8:65776373-65776621	-1.380069504	0.002555661	0.013213548
chr12:24858416-24859124	1.836955048	0.00256351	0.013233451
chr17:32253-32376	-1.66216286	0.002602563	0.01340961
chr8:70310732-70311124	1.126208246	0.002611236	0.013441568
chr14:24973784-24974156	-1.126102389	0.00262096	0.013466142
chr1:12210430-12211346	-1.002193011	0.002666459	0.013674082
chr9:132236208-132236504	1.690911419	0.002711759	0.013876137
chr5:177607687-177607881	3.783305176	0.00271351	0.013876137
chr12:12556548-12557081	3.148745578	0.002732914	0.013951801
chr6:14542467-14542693	3.013020646	0.002733435	0.013951801
chr12:25539082-25539407	1.187165515	0.002744838	0.013996875
chr16:87981759-87982021	1.829172112	0.002789968	0.014213686
chr4:114366444-114366711	-1.583241211	0.002803009	0.014266767
chr8:115707569-115707650	4.443762072	0.002823691	0.014358598
chr6:170468202-170468424	1.97416691	0.002843596	0.014446318
chr10:3510310-3510716	-1.155189283	0.002847434	0.01445232
chrX:149380174-149380494	2.100775491	0.002851345	0.014458686
chr8:126451967-126452238	-1.242265845	0.002869551	0.014515697
chr1:228651177-228651630	3.466612969	0.002870592	0.014515697
chr4:66107153-66107671	3.570300772	0.00290917	0.014631024
chr1:2505035-2505361	1.461330413	0.002909533	0.014631024
chr7:104585458-104586124	-1.094395428	0.002937538	0.014758212
chr20:60803093-60803442	3.539265198	0.002943475	0.0147744
chr6:169316937-169317104	2.416998852	0.002950156	0.014794285
chr7:33766388-33766503	-1.566751789	0.003002314	0.01502814
chr16:73159100-73159118	1.506496689	0.003053719	0.015269605
chr16:14097024-14097356	-1.539644904	0.003062408	0.015286756
chr9:114705587-114705765	1.469567373	0.003074917	0.015321082
chr8:102135026-102135273	1.820254451	0.003099493	0.015429409
chr22:27505581-27505799	4.344229152	0.003154247	0.015659086
chr21:47365117-47365541	-1.807856601	0.003166791	0.015706937
chr8:19075736-19075934	-1.281822624	0.003172351	0.015720182
chr2:235244091-235244800	-2.039574186	0.003185298	0.015743286
chr7:150317630-150317699	-1.514144133	0.003189613	0.015748352
chr20:52550838-52551665	1.972334573	0.00322855	0.015926147
chr9:762342-762602	-1.148533424	0.003246476	0.015985587
chr6:169588480-169588865	2.350512106	0.003286828	0.016132405
chr1:8137301-8137521	-1.061085364	0.003327977	0.016303658
chr4:86319574-86319721	-1.389228406	0.003329051	0.016303658
chr21:28797067-28797570	-1.051593312	0.003355832	0.016405282
chr8:131054431-131054834	1.420712604	0.003365713	0.01643882
chr6:168216462-168216639	1.481769734	0.003371754	0.016453553
chr10:8927492-8927792	6.558222679	0.003384882	0.016502816
chr10:42800348-42800675	2.137705769	0.003407696	0.016599172
chr10:22624164-22624549	3.463874677	0.003442027	0.016722429
chr5:173956576-173956772	2.128944341	0.003443423	0.016722429
chr9:113020211-113020679	1.038613568	0.003445294	0.016722429
chr18:56663357-56663639	2.187439605	0.003476916	0.016860873
chr7:106012031-106012296	-1.395449487	0.003489323	0.016905971
chr20:2191833-2192468	1.417305553	0.00349541	0.016920397
chr10:9057533-9057704	4.971552154	0.003529442	0.017069951
chr18:9008810-9009212	1.20714211	0.003533317	0.017073515
chr10:9228708-9229315	10.18337927	0.003552641	0.017151658
chr4:188400076-188400296	3.4835388	0.00360792	0.017363812
chr16:3035586-3035775	2.404199861	0.003662119	0.01760211
chr8:1694228-1694696	1.503048727	0.003759259	0.018037151
chr5:44805965-44806268	3.183072824	0.00378056	0.01812122
chr8:129115789-129116244	3.302026915	0.003783442	0.01812122
chr15:99992993-99993428	1.330949274	0.003849508	0.018369163
chr11:121307019-121307215	1.309616769	0.003856179	0.018372566
chr7:41099054-41099343	-1.020408429	0.003894041	0.018536723
chr19:5804044-5804378	-1.564388836	0.003908063	0.018587211
chr21:44614192-44614410	-1.442311522	0.003924659	0.018649843
chr7:12582030-12582229	2.179258782	0.003938307	0.018698366
chr21:44759656-44759904	2.074251759	0.004005986	0.018970037
chr14:91002225-91002449	-1.561257695	0.004028433	0.01905974
chr17:3173253-3173388	-1.411241569	0.004048934	0.019126775
chr20:56010646-56011025	2.803964448	0.004049631	0.019126775
chr22:39570081-39570473	1.379227857	0.004151109	0.01952957
chr21:44582937-44583304	-1.20607981	0.00415286	0.01952957
chr8:120124666-120124779	1.553179332	0.004161308	0.019540408
chr16:2518541-2518691	1.679978553	0.004165939	0.019540408
chr21:44753663-44753942	1.24923906	0.004214315	0.019733297
chr4:185202640-185202839	1.624038013	0.004237992	0.019815886
chr8:129163348-129163834	1.561225328	0.004298108	0.020056608
chr2:235198516-235198843	2.14613435	0.004313686	0.020094835
chr8:117235182-117235423	2.744562985	0.004331036	0.020149534
chr20:30200712-30201016	-1.630358737	0.004420678	0.020505461
chr20:49047228-49047674	-1.553831313	0.00442729	0.020518641
chr12:54610828-54611089	1.160188572	0.004433083	0.020528006
chr20:60943690-60943839	2.6592376	0.004512115	0.020840761
chr7:57471842-57471971	-1.220572646	0.004530185	0.020906478
chr1:242108255-242108348	1.545864194	0.004565983	0.021035998
chr20:46705616-46705776	5.852520357	0.004625528	0.021283378
chr3:141175186-141175511	2.479697602	0.004627502	0.021283378
chr1:235012060-235012373	1.71441571	0.004661873	0.021423353
chr8:65778039-65778194	-1.058199366	0.004746631	0.021786886
chr16:58160772-58161211	-1.056557885	0.004748988	0.021786886
chr12:16817876-16817986	-1.364112444	0.004833351	0.022117967
chr7:157085416-157085724	1.109160227	0.00486097	0.022212683
chr7:45497218-45497499	4.408125275	0.004889051	0.022260526
chr6:138029722-138029945	2.016716456	0.004972542	0.022621739
chr16:77708958-77709175	4.342354778	0.004996203	0.022710395
chr3:172325180-172325357	2.597355376	0.005005255	0.022732365
chr16:57701111-57701632	-1.15823274	0.005009393	0.022732365
chr7:33943577-33943776	-1.176653023	0.005035315	0.022811948
chr18:19924939-19925323	-1.127712914	0.005042932	0.022827449
chr12:53445016-53445392	1.05626553	0.005050066	0.02284074
chr3:193858651-193858843	1.177196415	0.005060284	0.022867944
chr5:14668408-14668752	1.839056114	0.005099888	0.023017299
chrX:149369210-149369612	2.134090428	0.005107097	0.023017299
chr2:238512238-238512938	-1.514853854	0.005123863	0.023059504
chr8:58122731-58123025	3.141244188	0.005170313	0.023249317
chr4:25536997-25537326	2.659140432	0.005175747	0.023254534
chr8:116990613-116990894	3.57142583	0.005201699	0.023351853
chr22:46374858-46375446	1.292304307	0.005229254	0.023436878
chr10:134826121-134826621	1.449477444	0.005239438	0.023463193
chr8:101484105-101484411	1.446758085	0.005278812	0.023616729
chr8:66894095-66894367	1.105897145	0.005282404	0.023616729
chr9:13083475-13083616	3.158972502	0.005356872	0.023930001
chr7:13758700-13759051	-1.477416479	0.005434564	0.024237265
chr11:119395840-119396223	-1.739473392	0.005454161	0.024289619
chr8:130697904-130698138	1.97543663	0.005472247	0.02432557
chr20:48924890-48925591	1.218086826	0.005480349	0.024336878
chr18:9705290-9705640	1.042199346	0.005483737	0.024336878
chrX:136647486-136647742	2.423665763	0.005501807	0.024387665
chr12:52595153-52595538	10.84852253	0.005508911	0.02438892
chr6:159483193-159483967	1.336121176	0.005526028	0.024444809
chr8:119879416-119879736	2.361745816	0.005537814	0.02447705
chr22:39890901-39891082	2.468390749	0.005546408	0.024483341
chr19:5989815-5989915	-1.061955976	0.005548237	0.024483341
chr8:17893767-17894158	1.003640814	0.005564498	0.024535198
chr10:22622234-22622399	2.944178322	0.005617417	0.024748473
chr2:237880182-237880685	-1.209159065	0.005626084	0.024766606
chr18:77723013-77723575	1.387060762	0.005699258	0.025048917
chr16:85346294-85346686	1.641850718	0.005699423	0.025048917
chr10:42799437-42799735	1.54127144	0.005793232	0.025440657
chr12:52559335-52559488	-1.928752451	0.005825082	0.025559896
chr8:96193707-96193951	3.842362248	0.005879707	0.02575804
chr6:389797-389927	-1.286636607	0.005896908	0.025776494
chr10:14549247-14549550	-1.096567636	0.005898132	0.025776494
chr5:14142803-14143164	1.273102978	0.005908703	0.025790465
chr1:234792654-234793437	2.933646557	0.005910809	0.025790465
chr8:101500158-101500422	1.865623706	0.005927287	0.025841643
chr3:177623981-177624160	2.623638926	0.005944128	0.025894315
chr5:176526460-176526848	1.461977904	0.005972375	0.025996555
chr22:46393370-46393721	1.762394672	0.005985427	0.026032539
chr20:35947612-35947897	-1.087284914	0.006001494	0.026081574
chr10:134260341-134260546	1.180776005	0.0060107	0.026100733
chr9:140132594-140132714	1.813922593	0.006062477	0.026283613
chr20:19716018-19716528	1.01846784	0.006081541	0.026345275
chr18:51773425-51773767	-1.92261433	0.0060979	0.026374145
chr8:129114844-129115073	3.978874401	0.006122841	0.026460984
chrX:130942336-130942500	2.074684762	0.006174752	0.026664149
chr10:22625615-22626028	2.452966806	0.006181391	0.026671646
chr8:134368494-134368766	3.653678019	0.006230018	0.026860163
chr1:234757412-234757805	1.70270632	0.006245701	0.026906461
chr12:31902136-31902566	1.076285574	0.006252431	0.026914144
chr1:27383957-27384315	-1.235666118	0.006275882	0.026993736
chr8:117630556-117630790	2.182191618	0.006296218	0.027059813
chr7:45518614-45518951	5.4717391	0.006342621	0.027237729
chr9:139892330-139892637	1.54206951	0.006362845	0.02730303
chr21:44598375-44598751	-1.63139744	0.006399154	0.027437194
chr10:22623174-22623719	3.028967387	0.006538054	0.027988632
chr20:45825158-45825275	-1.2485328	0.006557152	0.02804832
chr16:891857-892147	1.438347641	0.00665525	0.028400951
chr20:3691655-3691764	-1.091343381	0.006698283	0.028562193
chr7:156412276-156412413	1.037869212	0.006749487	0.028757993
chr14:91987775-91988051	1.039441137	0.006778368	0.028835887
chr11:1073369-1073545	2.715548368	0.00679737	0.028894133
chrX:7033628-7033911	2.182473265	0.006822524	0.028955813
chr6:170461964-170462067	2.613195165	0.006864729	0.02909821
chr8:69834272-69834684	1.748271998	0.006866771	0.02909821
chr4:170193381-170193745	1.38236659	0.00687984	0.029130902
chr1:249157308-249157673	1.15606009	0.006985883	0.029511017
chrX:130722065-130722519	2.038665274	0.007007117	0.029577751
chr3:194040514-194040910	1.828351612	0.007024204	0.029603948
chr5:1316464-1316882	1.462822798	0.007114073	0.029959496
chr8:129180743-129180870	2.548528996	0.007203749	0.03029026
chr14:35810635-35811251	1.402742228	0.007237537	0.030385369
chr8:55382610-55382722	-1.389582826	0.007243196	0.030385682
chr1:2476299-2476723	1.328034695	0.007265721	0.030435964
chr7:40584238-40584551	2.077079754	0.00726637	0.030435964
chr2:238392046-238392381	1.610756666	0.007295142	0.030532974
chr2:238384383-238384688	1.825823847	0.007322936	0.030625747
chr8:117070380-117070761	1.751725733	0.007344336	0.030688813
chr21:44072717-44073208	-1.05298468	0.007349297	0.030688813
chr1:229374566-229374670	-1.436746257	0.007413612	0.030928278
chr21:14888211-14888445	5.137063036	0.007469667	0.031095991
chr3:182645862-182646115	-1.050434248	0.007505466	0.031197281
chr22:48184441-48184585	2.527590229	0.007513558	0.031207078
chr20:4070898-4071147	1.455286735	0.007542288	0.03130251
chr21:28804215-28804390	-1.308916051	0.007549781	0.031309726
chr10:29420684-29421072	1.660345493	0.007561516	0.031334507
chr3:142844486-142844557	-1.319149632	0.007578807	0.031358395
chr8:130703284-130703457	1.60836464	0.007585648	0.03136285
chr20:46653872-46653986	3.242034407	0.007668847	0.031658724
chr6:157542479-157542718	1.253568176	0.007691601	0.031704545
chr7:75793189-75793404	2.25504262	0.00775521	0.031942543
chr20:46620819-46621265	5.932577122	0.007796999	0.032085814
chr10:4173688-4174411	-1.599623897	0.007801789	0.032085814
chr22:39649567-39649736	2.432189435	0.007890108	0.03242453
chr16:33948799-33949141	-1.115504828	0.007922652	0.032509162
chr5:173957114-173957459	2.18697959	0.007981527	0.032676817
chr8:1694921-1695309	1.697301827	0.008026145	0.032792667
chr11:129201080-129201232	1.623237179	0.008028172	0.032792667
chr2:237652147-237652530	-1.686831466	0.008033932	0.032792667
chr6:131146297-131146332	-1.220621132	0.008070268	0.032916288
chr6:151808675-151808852	1.388180846	0.008079965	0.032931152
chr6:1311143-1311466	-1.056751361	0.008120415	0.033071239
chr10:37778060-37778402	4.072862357	0.008180467	0.033266011
chr20:4063933-4064413	2.253857645	0.008189115	0.033276306
chr14:25140073-25140450	1.657300799	0.008255061	0.033519243
chr8:1684662-1684866	1.750667636	0.00830635	0.033701813
chr20:20724152-20724406	-1.652100531	0.008312412	0.033701813
chr1:234471096-234471421	-1.170143699	0.008410205	0.034072917
chr14:103577206-103577606	2.349510925	0.008544336	0.034564856
chr1:8173446-8173525	-1.355833301	0.008569321	0.034640174
chr7:2517395-2517647	-1.210041992	0.008595567	0.034691676
chr1:234989990-234990213	2.429682757	0.008601189	0.034691676
chr7:75948116-75948327	1.072692764	0.008839783	0.035542762
chr14:21268104-21268276	-1.203498872	0.008841701	0.035542762
chr8:101444913-101445066	2.404161769	0.008844863	0.035542762
chr20:35905068-35905696	1.057188951	0.008874496	0.035600488
chr16:87098907-87099213	2.544305503	0.008884916	0.035600488
chr16:8232837-8233487	2.146453315	0.008948685	0.035827663
chr8:129002909-129003328	1.496121921	0.00898397	0.035916075
chr7:157064608-157064951	1.688995638	0.009140911	0.036438358
chr19:823657-823956	1.014790625	0.0091414	0.036438358
chr16:85355565-85356105	1.069972968	0.009191538	0.036611391
chr4:189381303-189381562	-1.099986045	0.009244251	0.036794417
chr3:156828715-156829105	-1.349626497	0.00930353	0.036976264
chr7:25990725-25991211	2.057243682	0.009327833	0.037030598
chr6:6874206-6874337	1.092195183	0.009337324	0.037030598
chr10:5504427-5504665	1.401190486	0.009337618	0.037030598
chr20:61505589-61505880	1.684688513	0.00936133	0.037097594
chr4:79555155-79555549	-1.056124545	0.009446191	0.03740664
chr16:11448700-11449053	1.520557721	0.009638328	0.038112022
chr7:40938770-40939089	1.611028451	0.009690829	0.038291795
chr2:238122137-238122516	-1.814643285	0.009739829	0.038457481
chr12:10712275-10712375	1.544104304	0.009877	0.038918504
chr5:9833016-9833279	3.37937677	0.009878047	0.038918504
chr6:170467648-170467815	1.457671356	0.009944571	0.039130072
chr14:105500263-105500628	1.228746298	0.010054901	0.039443921
chr12:13034551-13034650	2.159449843	0.010081573	0.03951171
chr6:163826086-163826393	-1.439843431	0.010086705	0.03951171
chr11:117879327-117879545	-2.078161648	0.010154072	0.039742994
chr4:25554656-25554918	2.397683567	0.010160357	0.039742994
chr12:53398446-53398634	1.427080763	0.010229572	0.039956283
chr1:8262223-8262541	1.720159465	0.010326612	0.040248635
chr7:129460659-129460706	1.926443161	0.010387431	0.040398866
chr6:137988139-137988331	2.167474334	0.010590113	0.041142777
chr11:9639557-9639822	-1.024712249	0.010594168	0.041142777
chr22:41079087-41079368	-1.130326952	0.010601392	0.041142777
chr20:36042310-36042952	-1.343917621	0.01075009	0.041660426
chr14:96592738-96593055	1.302924637	0.010762475	0.041678738
chr5:54893100-54893403	-1.845756721	0.010798848	0.041778859
chr10:8077253-8077826	1.355437171	0.010811364	0.041778859
chr16:14050567-14050869	-1.170768961	0.01089619	0.04201713
chr21:44764269-44764611	2.802098504	0.01090973	0.042022662
chr2:238391204-238391436	1.222842784	0.011144444	0.042822683
chr20:9480861-9480978	-1.023281955	0.011188678	0.042901759
chr16:57703353-57703558	-1.508835148	0.011210766	0.042956183
chr6:14211061-14211714	1.298790796	0.011269372	0.043150353
chr3:176439687-176439857	2.914699244	0.01131833	0.043276902
chr7:47302239-47302434	1.515819323	0.011358391	0.043383768
chr8:144360422-144361034	1.309712352	0.011382801	0.043431852
chr20:52551883-52552311	2.364848092	0.011445656	0.043557536
chr20:31126982-31127359	1.505365385	0.011447763	0.043557536
chr22:44856761-44856923	-1.463697573	0.011478859	0.043645335
chr7:157094771-157094925	1.154374212	0.011534672	0.043826922
chr6:170589556-170589600	2.002200986	0.011617909	0.044081619
chr6:147234581-147234754	3.024526724	0.011681498	0.044292006
chr21:46266361-46266565	1.154278038	0.011829223	0.044776514
chr14:35802936-35803364	1.650781932	0.011833969	0.044776514
chr3:187467867-187468249	-2.223136712	0.011955271	0.045204052
chr10:8909152-8909331	5.926968519	0.011968789	0.045223737
chr3:142844875-142844897	-1.614848992	0.012102341	0.045670238
chr1:8187563-8187834	-1.256563553	0.012103746	0.045670238
chr7:391299-391474	-1.051753075	0.01212086	0.045703119
chr8:61841765-61842074	1.563180122	0.012189474	0.045881913
chr4:30718904-30719447	1.185752402	0.012193576	0.045881913
chr12:50324888-50325278	-1.198103264	0.012208456	0.045906156
chr2:242954051-242954322	1.680873515	0.012235963	0.045977816
chr12:54072437-54072838	-1.162389458	0.012310424	0.046130177
chr11:1523761-1524132	1.560850214	0.012361477	0.046289604
chr8:102388506-102388737	2.445371609	0.012386605	0.046351802
chr22:42829562-42829963	1.564630623	0.012434899	0.046500538
chr1:1060905-1061095	2.161274644	0.01247024	0.046568686
chr10:3845250-3845852	2.018270539	0.01259227	0.046845542
chr10:9115735-9116358	4.677486998	0.012596035	0.046845542
chr5:44405989-44406097	-1.194379508	0.012709737	0.047203875
chr21:44761192-44761567	1.816983541	0.012743203	0.047295884
chr6:138045007-138045495	2.292831287	0.012838293	0.047583892
chr7:156735476-156735625	2.172998041	0.012904147	0.0477629
chr4:174337339-174338040	1.676059214	0.012937731	0.047789677
chr14:105511213-105511346	1.547343779	0.012962486	0.047848633
chr4:185201876-185202105	1.248001017	0.013015473	0.048011652
chr8:144443049-144443270	2.275014481	0.013063861	0.048157497
chr12:8123968-8124323	2.685656773	0.013131848	0.048375345
chr20:46417679-46418052	1.481160631	0.013168095	0.048443276
chr21:46185657-46185775	3.853232075	0.013232102	0.048645856
chr2:232530920-232531416	1.334809706	0.013317342	0.048893157
chr10:3797195-3797502	1.50289734	0.013326431	0.048893532
chr18:3305401-3305555	3.729503552	0.013390139	0.049059689
chr11:2234751-2234909	5.521346476	0.013403589	0.049059689
chr1:8263853-8264184	1.339966004	0.013407785	0.049059689
chr4:1865990-1866293	2.333491962	0.013441612	0.049096379
chr22:49816245-49816581	-1.152526602	0.013444882	0.049096379
chr8:125212215-125212575	3.4927916	0.013693284	0.049802914
chr7:104584670-104585063	-1.16490945	0.013719782	0.049865955
chr22:48185959-48186142	3.627232307	0.013767641	0.049990943
